603801 0.0 
688779 0.0 
605319 6.508477176109945e-05 
688659 0.0007069544932040046 
600435 0.002533339084523273 
600901 0.002533339084523273 
600161 0.002533339084523273 
601989 0.0027707678028081432 
603028 0.0069837173616386465 
688509 0.00953826191064587 
688047 0.00953826191064587 
601860 0.00953826191064587 
688066 0.00953826191064587 
601616 0.00953826191064587 
601118 0.00953826191064587 
600348 0.00953826191064587 
601816 0.00953826191064587 
603808 0.00953826191064587 
688536 0.013131342619646255 
600848 0.014500017248443853 
601990 0.014500017248443853 
601952 0.014500017248443853 
688151 0.014500017248443853 
601555 0.014500017248443853 
600581 0.014500017248443853 
600636 0.014500017248443853 
600208 0.014500017248443853 
600390 0.014500017248443853 
603300 0.014500017248443853 
600919 0.020346708826801112 
601360 0.020346708826801112 
600131 0.020346708826801112 
688400 0.020346708826801112 
600906 0.020346708826801112 
688289 0.020346708826801112 
688089 0.020346708826801112 
603777 0.020346708826801112 
603056 0.020346708826801112 
688235 0.020346708826801112 
603848 0.020346708826801112 
600109 0.020346708826801112 
600679 0.020346708826801112 
601985 0.020346708826801112 
688271 0.020346708826801112 
688105 0.020346708826801112 
601611 0.020346708826801112 
601058 0.020346708826801112 
600184 0.020346708826801112 
600696 0.020346708826801112 
603529 0.020346708826801112 
603065 0.027024576438440723 
600496 0.027024576438440723 
688007 0.027024576438440723 
600839 0.027024576438440723 
600025 0.027024576438440723 
603272 0.027024576438440723 
600843 0.027024576438440723 
601825 0.027024576438440723 
603060 0.027024576438440723 
600809 0.027024576438440723 
605199 0.027024576438440723 
603806 0.027024576438440723 
688297 0.027024576438440723 
600406 0.027024576438440723 
600400 0.027024576438440723 
603956 0.027024576438440723 
603687 0.027024576438440723 
600057 0.027024576438440723 
603717 0.027024576438440723 
603822 0.027024576438440723 
600704 0.03448725519678078 
601677 0.03448725519678078 
601226 0.03448725519678078 
688375 0.03448725519678078 
600610 0.03448725519678078 
603605 0.03448725519678078 
603385 0.03448725519678078 
600572 0.03448725519678078 
600515 0.03448725519678078 
600221 0.03448725519678078 
600482 0.03448725519678078 
688777 0.03448725519678078 
603209 0.03448725519678078 
600787 0.03448725519678078 
600180 0.03448725519678078 
600497 0.03448725519678078 
600369 0.03448725519678078 
605086 0.03448725519678078 
600779 0.03448725519678078 
600328 0.03448725519678078 
600783 0.03448725519678078 
603613 0.03448725519678078 
600884 0.03448725519678078 
600967 0.03448725519678078 
600619 0.03448725519678078 
688128 0.03448725519678078 
688680 0.03448725519678078 
688349 0.03448725519678078 
688567 0.042694391924457356 
600236 0.042694391924457356 
688560 0.042694391924457356 
600998 0.042694391924457356 
600475 0.042694391924457356 
603588 0.042694391924457356 
603408 0.042694391924457356 
603505 0.042694391924457356 
600160 0.042694391924457356 
600522 0.042694391924457356 
600177 0.042694391924457356 
600312 0.042694391924457356 
601127 0.042694391924457356 
600023 0.042694391924457356 
603983 0.042694391924457356 
600315 0.042694391924457356 
601958 0.042694391924457356 
600499 0.042694391924457356 
601968 0.042694391924457356 
605016 0.05161058849541365 
603896 0.05161058849541365 
601566 0.05161058849541365 
600776 0.05161058849541365 
600436 0.05161058849541365 
600962 0.05161058849541365 
601179 0.05161058849541365 
688621 0.05161058849541365 
603338 0.05161058849541365 
600111 0.05161058849541365 
603118 0.05161058849541365 
600525 0.05161058849541365 
600392 0.05161058849541365 
600469 0.05161058849541365 
603889 0.05161058849541365 
603378 0.05161058849541365 
600378 0.05161058849541365 
600004 0.05161058849541365 
600339 0.06120458099740762 
688087 0.06120458099740762 
600711 0.06120458099740762 
605183 0.06120458099740762 
603568 0.06120458099740762 
600185 0.06120458099740762 
688223 0.06120458099740762 
603369 0.06120458099740762 
688055 0.06120458099740762 
603693 0.06120458099740762 
600481 0.06120458099740762 
601311 0.06120458099740762 
603799 0.07144859247470405 
600008 0.08231781574935843 
601568 0.08231781574935843 
600096 0.08231781574935843 
688499 0.083381608939051 
688036 0.083381608939051 
601877 0.083381608939051 
