600525 0.0 
603889 0.0 
603896 0.0 
603338 0.0 
601566 0.0 
601179 0.0 
688621 0.0 
605016 0.0 
600469 0.0 
600436 0.0 
600776 0.0 
600378 0.0 
603378 0.0 
600392 0.0 
600004 0.0 
600962 0.0 
600111 0.0 
603118 0.0 
600339 0.00033399704198285897 
688087 0.00033399704198285897 
600711 0.00033399704198285897 
600481 0.00033399704198285897 
600185 0.00033399704198285897 
601311 0.00033399704198285897 
605183 0.00033399704198285897 
603568 0.00033399704198285897 
688055 0.00033399704198285897 
603369 0.00033399704198285897 
688223 0.00033399704198285897 
603693 0.00033399704198285897 
600023 0.0003437988890549505 
600312 0.0003437988890549505 
600522 0.0003437988890549505 
600315 0.0003437988890549505 
600236 0.0003437988890549505 
601958 0.0003437988890549505 
600475 0.0003437988890549505 
600160 0.0003437988890549505 
603408 0.0003437988890549505 
600499 0.0003437988890549505 
601127 0.0003437988890549505 
688567 0.0003437988890549505 
601968 0.0003437988890549505 
603588 0.0003437988890549505 
600998 0.0003437988890549505 
688560 0.0003437988890549505 
603983 0.0003437988890549505 
603505 0.0003437988890549505 
600177 0.0003437988890549505 
603799 0.0013180130592681423 
600180 0.0013966576213894945 
600369 0.0013966576213894945 
603209 0.0013966576213894945 
600497 0.0013966576213894945 
600967 0.0013966576213894945 
601677 0.0013966576213894945 
600787 0.0013966576213894945 
600884 0.0013966576213894945 
600610 0.0013966576213894945 
688349 0.0013966576213894945 
600619 0.0013966576213894945 
688680 0.0013966576213894945 
601226 0.0013966576213894945 
600704 0.0013966576213894945 
600515 0.0013966576213894945 
600572 0.0013966576213894945 
600221 0.0013966576213894945 
688777 0.0013966576213894945 
603613 0.0013966576213894945 
603385 0.0013966576213894945 
603605 0.0013966576213894945 
600328 0.0013966576213894945 
600783 0.0013966576213894945 
600779 0.0013966576213894945 
688375 0.0013966576213894945 
605086 0.0013966576213894945 
688128 0.0013966576213894945 
600482 0.0013966576213894945 
601568 0.0029272408739113402 
600096 0.0029272408739113402 
600008 0.0029272408739113402 
600496 0.003193974323060674 
600839 0.003193974323060674 
600406 0.003193974323060674 
603060 0.003193974323060674 
605199 0.003193974323060674 
603822 0.003193974323060674 
601825 0.003193974323060674 
603065 0.003193974323060674 
603956 0.003193974323060674 
688007 0.003193974323060674 
688297 0.003193974323060674 
600809 0.003193974323060674 
603806 0.003193974323060674 
600843 0.003193974323060674 
600025 0.003193974323060674 
600400 0.003193974323060674 
603687 0.003193974323060674 
600057 0.003193974323060674 
603717 0.003193974323060674 
603272 0.003193974323060674 
600131 0.005776102171432172 
600696 0.005776102171432172 
688271 0.005776102171432172 
601058 0.005776102171432172 
601611 0.005776102171432172 
601360 0.005776102171432172 
688289 0.005776102171432172 
600109 0.005776102171432172 
688089 0.005776102171432172 
603848 0.005776102171432172 
600919 0.005776102171432172 
603777 0.005776102171432172 
600679 0.005776102171432172 
600184 0.005776102171432172 
688400 0.005776102171432172 
600906 0.005776102171432172 
688105 0.005776102171432172 
688235 0.005776102171432172 
603529 0.005776102171432172 
603056 0.005776102171432172 
601985 0.005776102171432172 
603300 0.009189406053086047 
600636 0.009189406053086047 
601990 0.009189406053086047 
600581 0.009189406053086047 
688151 0.009189406053086047 
600848 0.009189406053086047 
601952 0.009189406053086047 
600390 0.009189406053086047 
600208 0.009189406053086047 
601555 0.009189406053086047 
688509 0.013487646175299274 
601118 0.013487646175299274 
600348 0.013487646175299274 
601860 0.013487646175299274 
688066 0.013487646175299274 
603808 0.013487646175299274 
601616 0.013487646175299274 
688047 0.013487646175299274 
601816 0.013487646175299274 
600161 0.02500271426919893 
600435 0.02500271426919893 
600901 0.02500271426919893 
603801 0.04098936610469801 
688779 0.04098936610469801 
605319 0.043903680248770324 
688659 0.050956316057913134 
601989 0.06171891298146727 
603028 0.07575306984637005 
688536 0.09116069056438877 
688499 0.19845093872383823 
688036 0.19845093872383823 
601877 0.19845093872383823 
